154045
290110
207813
351622
567834
117276
407899
448788
414219
411437
417693
578462
482399
368150
592462
311921
234713
44361
325407
153104
360125
441462
319894
461255
220778
260709
312637
122675
552533
572451
468580
235808
226917
239949
133742
62417
169220
40982
31340
442743
7915
412836
14135
339473
470232
547942
424253
315712
337056
126502
135901
478971
80953
209293
268184
237392
92561
509661
169171
33445
206368
43450
447488
236575
330476
50759
103838
115636
597929
71917
183200
278586
110457
508847
124022
210011
192981
358213
138418
237915
167128
186355
321224
587667
189754
215635
528558
287493
187107
87010
338676
248226
254541
486245
356535
66248
452223
54960
43913
207473
399083
557301
171142
174582
265507
497920
213646
12229
497568
551721
