4343811
16787954
28562710
11291348
34066665
18855191
2844490
7688110
25462689
12086599
39661951
9648896
11200685
33634749
25045244
13757347
38623601
55040297
39084565
7662206
4323425
649951
13914633
41256402
2817000
15425958
4429932
3495456
11360430
11899391
38477436
5993745
17934603
30468386
44640124
21719289
19756935
7468449
18938992
8509018
36497180
7011850
984825
8771704
86326468
32408470
2867345
3935126
24998637
1192458
22107641
4391121
12580014
19854543
13552682
32250572
25576204
13277118
16964262
4345757
20188586
37256966
7875158
29288582
10607877
24450344
21383026
12428814
4452659
20183360
23136735
7581911
27428509
40666943
14753395
1836154
11414664
27466734
11246427
18592108
23841828
7729656
23100962
8994465
13189693
3851329
27247460
13492264
43557480
11868606
30507607
3174305
4999387
7583725
10374686
13235609
2659805
45154987
3960385
9705208
25451374
7373120
38401028
12130067
41314611
17544977
37248570
22180793
11837657
1338283
2682251
7736860
26064942
43890638
3707035
38533515
22942787
34369306
3823862
38794814
143796742
24660385
44830890
13778710
9160947
6836086
27022864
37138639
2000038
153755807
36216395
10641715
2526777
29877890
8659426
25853741
21616324
13760557
39539647
54562433
24150328
24712186
44562058
30553457
2758012
12880573
8989616
461550
116792
15657779
154796494
9433958
24730100
17591478
5377059
24346598
8144920
19970015
17930286
16669757
14191255
19951373
2158516
22530842
32463364
24269361
21874312
45875990
20960682
23816832
79696454
10247282
39851630
4421578
14652521
5860364
7547329
6947286
10976596
30353437
23078022
2734421
42035464
10982689
19800147
7734150
1227277
31107919
7834603
11156883
18747744
167944455
17775228
7451607
1398021
21561474
8202880
23397658
22623275
12800122
4303939
40367499
31387717
1606628
4366738
30786800
10562341
3203590
15215393
30471052
26990001
3870062
33920995
36889513
24097933
5800138
27134527
17914395
3272084
3152612
27093166
8148304
2454002
21372171
1386103
38844612
30543439
32720933
9604301
144555102
32324430
3727986
32353339
9622258
10993232
21645205
53211308
6847208
13583615
6323196
2423940
17717391
20761364
935538
34854444
15836115
25994317
6863070
2958458
17939443
26902591
25300426
5254741
8856690
24974080
18268012
6387956
35329820
30184745
21804115
20399078
20419913
195317463
12130200
3773719
26491450
5914739
44947611
34582256
13106686
21789744
1791714
21498497
719812
29851836
4828984
20321154
23535770
38023457
12100854
13936152
23618826
24494539
32852283
39225849
86231298
15282056
14657344
14296612
4380451
44420873
28738741
4688340
25036988
12866641
39465575
15728433
19130782
9217800
27274441
21866916
21239672
2837758
21050357
13823200
17450673
3662132
6767271
6650933
21550246
25629722
3690068
38143689
41354899
9629682
1871499
427865
1148122
11953232
11992632
6401675
6157371
2296264
9486930
24645237
8721150
11844791
10608397
485020
36288526
30534237
22153455
2619579
2374637
1617327
6729465
14500725
1032372
145383432
13514898
5935987
17438862
40078758
25440070
35022568
10494012
6415816
2832403
11527199
13242763
7185591
31293581
14395738
21884059
4311206
46837626
13481731
1387654
12881593
8533245
266641
27567994
5849439
24865781
1974176
20313748
35747505
45651303
4138659
43385013
38882175
5612738
19419439
29657303
31612088
11718220
38808600
12207340
18236313
4505748
36271512
7838799
1243475
6503185
1855679
30639847
5256564
195680777
1281769
313403
13732033
40754510
17814815
3078550
9285396
16905344
41852733
26058927
33036897
12584053
32421068
25623469
30983338
53779698
10699587
25315295
2947540
7929932
22696649
24594624
14682243
16422880
40710501
140098548
37643601
4423401
2042250
4423220
5828251
5484763
6309659
16270577
16208091
21553394
1127562
30655442
1225513
2391552
39368721
25817686
36089763
4407385
13955536
12086818
601033
26231129
6036535
3981244
44366096
25822299
33904789
42484543
950306
8747771
20630805
14848619
13790144
4445629
3153673
5099266
8790729
1754001
18654430
2466614
7114092
23304931
27391365
20187433
52180874
21641088
4362729
15570962
31313782
24555878
34025053
44048701
20109325
28724565
22551259
13466622
30813140
35828148
12909503
25328476
24632480
17123657
1344498
2494748
33723822
16172576
16364639
32743723
982650
4857093
39729277
11705328
6788835
1065627
15153602
83667891
15948830
3067015
39048693
2014909
24276304
4883040
42009630
12839939
16979690
23737024
3863543
23245050
38528892
5735492
13614794
4483571
17123316
3590806
32927401
515489
43661837
8596357
1684489
1576955
25504006
34735369
27647593
9272598
9334631
60515890
35443524
10015292
1428840
11968641
8386609
29806339
27580223
20240998
40558887
18695970
12871281
36540079
83707680
24790460
38296571
43192375
22937815
16572581
888896
19343151
43390777
15981174
18988265
33507866
10795340
21382907
13583521
19708993
19165076
21557055
45364685
67045088
11141995
20288322
23013317
7396492
13923069
12994780
12640810
38805486
21489324
13070316
7487927
2389574
13048272
15955172
13931771
41644178
4346731
18676539
2452989
15968271
18924534
27822315
23342845
25134146
7419612
14185503
40900567
42095718
41822527
6917133
24725136
13900610
123859
36399107
42421723
25726838
36178047
36855703
25516011
17919731
739734
11822354
13777138
17779800
1631583
10534299
20821402
4353857
22362025
12209494
4467129
20743803
11255504
24550453
5503194
22488511
25691878
7795952
27588420
20083834
3154880
10874408
12205576
1910120
21048969
5132461
24396137
16016673
3493623
23777820
1153655
11831598
10039688
38735355
1336292
31407112
881332
7613033
4695107
19485243
12899460
3698758
8995263
9317504
25832301
9196472
4961038
27789588
16693950
24737389
9909405
19510470
1991105
14408200
406733
9955779
17338543
36642096
19828689
23983289
14584755
20454006
15570691
27063470
22174015
202259
42662816
1410197
9513785
39128592
12742164
3929361
26561572
23117378
13384318
19822046
7116734
20696397
8698857
34469966
5867846
26124606
18174210
581832
10010651
4664540
18576103
23974474
19204979
40323148
74137632
20008796
4889228
16233471
29689140
1701063
24042363
25050969
36637129
10190778
3514072
7852582
20781656
10666475
30261663
5260382
22730024
8133180
17731780
3903084
11884867
8005007
21931005
14719322
30034334
87610599
2242416
1907601
7549811
24921368
24916604
8185080
1818578
18078750
28517384
37204802
2851611
20028729
14591894
43128141
8300657
22995164
16929739
12489688
14700857
37156349
6163801
20018321
5811042
46594244
22442133
11254040
3973445
29015485
19675911
6532806
36474
4256553
11469078
2547636
24341590
23785605
3173489
20868160
5389095
27910499
5687200
23702805
25761154
35087728
6790197
4469125
14644164
24049225
34034749
27077180
18882947
21651116
24524403
2665425
15305881
19071857
35621259
7227763
3801693
350542
14475235
1220287
40987633
935034
3748310
1782201
22843616
40476126
42731834
32423829
18488986
2225918
25182647
1727493
25993718
3701541
8551160
39334724
3127341
1967410
36830715
5107861
23389795
20738970
13368032
1285713
6993046
17708753
22036571
9973014
46478393
5172048
3090454
21932050
19052713
25842866
9420732
21754541
13135544
3085264
7986878
23531592
18098290
33911859
25643818
18734652
25261168
39637840
28338268
41293601
41976370
11233339
16217855
18895793
25985964
26688294
12409683
2605032
1495563
5433667
70490
73473433
20725212
10209731
25562234
13774178
1900152
16745747
25657127
4959368
1967017
15893330
12513042
32328114
39571812
878526
22227889
13782317
3155374
41496215
14338915
4767806
27260630
31761981
14180565
27167110
20310709
4429668
29148743
13992047
18374364
34498093
76415938
45143088
32532238
13441037
25799020
7416873
596817
12561083
43711341
25641414
24349992
8759633
38485364
42240424
236204
24586989
4701662
14105446
13123189
17625068
29745822
31851367
24384587
44935041
33667484
8906858
20492020
24760136
21307488
6710699
10273147
3285059
45487164
8327914
12691537
8639034
21246752
9634465
13870943
4320424
19673227
23403754
25049067
28617573
1031534
15462523
27150276
2015929
4515975
5321708
2380002
469066
19736671
18557974
25602549
11090688
21164071
18263406
27403802
14311986
43329366
25124117
3623127
7028976
23286603
143251
3034412
37768883
43311750
16098747
22444939
6561200
19464037
2053540
72372925
24552097
6504953
10827901
45401535
4425507
16488405
54440
32766786
5700349
1275505
4325137
8476213
2692522
5116145
15435343
11484808
4854076
14145440
25353658
4345605
9164724
29641682
12172346
3512154
23495058
44572913
17945638
7046487
21958900
28369117
5483793
11936877
4321295
24834968
8208212
37673301
24237492
19770974
23698769
4465735
643765
44674301
1866911
38587347
474325
11578459
10984005
8654183
2436602
6153754
1886551
16737210
5271210
70455704
12442311
22682497
36202354
23273454
778436
9440748
13624704
23746332
37065914
18617259
15482274
23573229
42387637
11774598
14460402
6793674
23665162
13944805
12588500
1263446
27438378
17119869
11935250
38811597
27527854
4457834
7970974
10145528
15716328
14290854
13322804
32177659
23639838
17933691
41329906
19651306
15983982
704526
21590125
21459247
13282296
26735905
9095943
19799455
23148978
5633957
38127792
40735046
35766603
5798227
2488880
3566945
18639989
2062382
10577574
36623997
14924526
40500723
7137057
6334188
17416520
30122260
24082820
1006165
26474812
15491404
11415809
40005757
16280642
30041895
35543846
8182950
21260231
470625
11951999
10765888
12658073
36831892
6128334
30884033
4942718
32159283
37731372
7482674
13989491
20935673
27665523
38043606
26336593
44827480
15274349
35085326
13953762
40429879
970012
14637235
46248894
27453479
33409100
30714190
374902
14492339
8764879
24872571
12709184
25691541
9599194
154549459
4399311
3883485
24704139
24557631
13072112
15663829
51817902
4678846
25183830
27944135
20602517
18064113
21439293
8925851
37592824
37248765
5323845
13000926
14079881
19005293
6227220
12642224
37583120
5649538
15889329
23388442
13445579
87430549
19854744
9724974
19957813
26297042
31304956
28390999
13373629
22843838
11016788
13969173
21439640
21046889
40127292
14782049
90756514
32454714
22309946
4422868
28441310
8665891
37727521
29362104
13702924
25543207
21003930
24625323
25742130
2973910
6061927
2266471
2338488
4810810
12009265
29381091
1686881
13779605
37029185
37182501
5855168
24055603
7343711
3654468
28647122
17000834
19293654
13902570
12039953
14333540
32275758
5431268
32084655
25515907
1145473
24864273
6219790
3981729
3720107
5835149
7157436
2033917
22896970
41925568
21472388
10669939
7997337
5839365
15966318
6108481
3952288
5783785
344240
52944377
21114100
41493639
5406411
19979816
695938
33912748
40913091
51972698
9505448
3444507
14544564
27166444
22134353
14938990
3504761
29422484
4326318
24942840
24019260
752423
5238341
45153864
22545779
8133050
26710772
18998807
85326624
10326242
45461275
41074251
41646286
13380980
6776834
6000423
4583180
46816158
43122426
4795303
9814332
5824955
43647194
22478394
3893473
52874170
16284655
36654066
18231807
301866
35660758
1259280
25085979
4841908
15856466
7869794
18494847
29504413
2587396
28107602
12428497
9076196
23915841
13907928
32721137
169264
20943272
40156901
1897324
16494316
432261
1889358
1711571
4695046
35256900
11117498
24770122
41120293
31682248
159469
285794
8427306
32770503
6923795
2582169
9745001
10218447
3610282
7751726
29022271
43700577
24211561
9658390
30101891
8250852
20585600
15113221
16527698
2593298
12225214
11481946
2443495
13496853
19485649
36480032
6158879
10617916
7560876
34121231
26488879
30303335
22517564
7873737
21274919
4993011
4385779
43220289
26409363
15237660
712320
7655029
19661996
25513319
7481159
41329220
7059897
26117607
40608679
35004872
51706771
23576726
22968257
84085333
31616203
6670101
21108759
6054657
5132358
31624828
25942757
26611834
41325555
13726379
9063688
25806385
1887056
13464392
18758057
6669242
9451052
19688024
45096063
14405193
10300888
14664424
1590744
35531883
22632303
24282306
70704988
544971
38784540
6290112
7029990
22431418
306311
19205326
29124963
196664003
36547290
46602807
17628888
2405259
19752008
36212758
1203035
37895688
2565138
6144969
23801039
1456068
7925817
46135768
17333231
10749308
28928964
3847200
13277039
22613657
12145359
18276599
24318630
17553026
1970884
10482574
14864285
24276902
34071621
7492250
13906892
2158500
13007205
5289038
22547508
31803596
928281
6129301
3559136
34604584
14340571
1710116
39903312
6969753
16128711
23509113
14501880
36444198
2095573
21676556
17422777
20526907
9580772
24652030
8227227
23862975
226488
32850528
22937651
56391045
7975937
502797
11886686
5278233
14835068
1922901
145335387
21395936
583260
17327939
6540064
12582729
21179714
3376731
16962732
43226130
33677323
24387017
23423230
3692112
18750453
23895668
18042803
46517055
1044552
5508750
30221601
24163770
3845894
22561064
600808
4388470
9197786
15969637
1834762
23420807
14332945
10071590
23141360
4679264
12885341
1649738
37207226
18199839
22707413
6961811
18568804
30675656
5558754
8604837
39164524
4465762
1156322
22186938
27408104
26230669
13411519
13230773
41811327
14920021
153744
4313478
17973161
5927534
21465696
25789730
31001322
16375102
16267205
4886637
4347374
12810152
4414481
9881829
63858430
12685434
25050364
14315749
9194077
3230361
8979167
17506075
3190689
26026009
22901758
13959707
36386637
7552147
30464859
13882658
18261004
5956016
23746313
9047718
33458992
1122198
11238784
20501163
120626
51386222
33390472
14672919
8148122
9291596
13770184
13283919
10074251
14171859
597790
8150638
21793890
9875570
42950029
2842550
4418582
22874817
5650232
25479072
18190552
76776022
22406695
2212067
21141798
34544514
23124332
28910120
28392393
1287809
25787749
13956305
26607366
52072815
13221399
22038539
20130904
7005276
25915873
2159648
4456756
24443043
213017
7373453
6559701
1387104
2211868
40632104
6397191
41403996
26064662
33499189
2462673
5710820
4647303
15925931
33986507
2559303
8548635
14606752
9687772
46695481
1848452
20888849
5094468
23126677
34328964
6853699
22159299
24338780
10660080
20672596
23305884
6079486
3765739
46485368
29190724
29863668
24498673
25830701
43165768
17967608
31560225
28015516
43566999
23586085
20554003
2056197
7711685
1831916
22674621
10761515
13912224
30492966
60206680
13952658
37444589
13934676
612002
36398420
25435456
13768432
14390137
29845974
42404093
14328288
17631671
42279414
5752492
11026600
14819804
20532591
4361990
14863011
16732790
1748921
4421547
18574146
12948892
7209559
16355392
4423203
12552297
8780599
23208167
27873158
36111909
58006489
22495397
5586392
39291138
25928548
41340212
24408040
10582939
40590358
23830488
3580005
2575938
23369842
38009906
3866315
13573143
2647374
25690564
44172171
102662
43855756
17626822
13901073
13097856
14198646
84580585
14647747
12804937
16119973
10068634
9154703
6501747
20045514
11172205
3205945
5492542
43054703
104143831
22023404
11238951
23599024
45908102
1383826
23601616
20767776
21414718
11861374
32909242
17805221
16927286
20690388
30152134
30908508
14180217
9704467
9283422
1733337
26996935
24221369
10354110
29347970
15551129
13592721
11195653
41599676
831167
19529370
28086354
20649735
4627816
35962023
19313533
3033830
175735
8502193
17702490
1744097
38180456
9478135
21956124
27772649
24995939
15778034
10530014
23418635
16472469
6327940
25858295
15419873
40212412
20054396
9498458
2891825
24906548
8083310
17755060
23897346
25725663
19427410
10359591
4911006
32001951
16939583
16252863
18841257
8025177
7621534
24670522
24423427
418246
927561
25254425
40867854
26083387
4387484
23439808
3308636
12014458
28249680
39728826
35520219
42314147
17240457
42377686
7915836
9257019
9588931
5252837
9675944
19058822
2888272
5137019
20942644
18806488
39970500
27449472
120385993
2853685
24988745
24634621
1797622
33569870
23783727
3591070
9967265
29366489
13777706
13798951
32797183
21623140
71625969
13916951
30351165
12451492
33118292
7965928
8428935
46565020
13916484
3619931
13205803
21181273
16839245
145716849
10247314
31902335
13042119
25816994
44265107
4246523
1320137
25670099
15692098
6372244
14118484
22467585
116075383
41900731
1941721
45920278
9460704
39892135
19408393
4020950
6812319
8290760
11230569
35521287
29473081
36464673
2721426
3285322
25175997
14240343
69045262
33554389
5185871
9288638
14131683
4979184
19205437
6673421
8446259
2931832
5253987
109946221
24496245
25813706
15833835
18041692
29460384
28247027
19278208
21479231
10854174
26611094
18834078
29025270
6535392
17097974
28894097
2474731
17518195
13172737
11840194
15795880
16495649
4702639
23972114
38025907
52873726
8093935
10692948
9291668
27129115
5377642
35321950
21302115
40087494
32181055
1840993
25298276
27635177
3613041
17163294
8536018
19004126
5436081
219475
8756719
6549091
24575065
23420615
5922085
21902400
34139429
11336632
44408494
8692744
26030079
16090672
19966976
12669325
14319754
4402497
50670403
12383365
5953485
34198365
6517763
4335423
2028532
14241418
20606520
31311495
13450938
7223604
25811797
19583924
25263942
20645538
11738716
5145974
32481310
26112696
32372280
42185082
23253955
2177022
43048059
30835854
2352142
1346695
22482024
6492658
17917408
9310407
23932173
4380004
24896957
29321530
13734012
19255949
791050
57783564
8708082
7239105
3315558
42278130
13889430
11280569
27446873
30919024
2810997
32023005
45457778
24943534
20839751
9641846
13439128
24512064
31324978
10423989
15129362
32101982
26374799
4462155
21943141
14831629
36860856
4421746
35768199
10165723
30437264
8690595
23633726
21258863
1354567
13441537
3672261
5633876
86211914
35301079
41982985
17168045
6766459
21093407
8126244
45449835
22401061
26107000
10831818
22057077
15879544
3758260
94109411
38630735
41877386
14658685
4323449
24285403
6455142
7666498
1103795
22414304
7968532
253672
641459
19522248
34982259
5372432
3413083
6477740
22371455
24828165
21746539
13958154
18467982
11369420
12232678
4388082
30292811
21060008
44672703
8519911
25499612
37205685
31554917
25523969
8246090
23073816
19487477
25946292
5487448
10365749
4164929
27569370
38551172
21692235
33397197
2236768
27078065
84884645
1569031
35149431
28937856
11250124
25973484
3155731
2402323
13244602
57762078
16701509
17741440
24980622
33387953
26612216
15548965
4632921
23349986
25827024
4442799
883747
16204011
11887584
15670968
8385277
34436231
13293033
6123521
16532419
32611468
33257464
10937190
4465608
2061878
12643937
14803797
8477699
1542437
2617858
23848916
24735908
27907205
7840442
54490092
2825380
33912020
23594156
2417551
1412089
42373943
8524891
8446324
28598374
31347396
16120395
3986403
41911192
35987381
29638116
16626264
25488034
3353748
26047921
6374918
24351680
4833016
22973574
1292369
27686445
20033112
3840043
10207180
21855837
21521236
39281140
9559146
5262240
6040392
37164306
25238950
19603353
25041967
18275697
10574949
28783084
14362678
34054472
18450716
17463469
26887439
16980892
38873881
1428830
16630996
25536577
20344442
3552753
46764350
9754530
14050257
24510595
13515165
14874811
1641873
25420421
22067786
121001457
11915280
21392703
23160444
15563864
3202143
22922353
7552215
44801733
30805636
13256155
841371
4427060
41182002
17150648
18027063
13933299
21487212
2739854
615047
8294009
12197393
4500832
23664875
2086909
24721347
44030361
13400643
16660256
24144677
4373445
36233757
2988714
19489351
4999633
13613916
25483562
39929509
2359152
7944381
9655347
41790911
799586
40254495
8839502
13759726
40447899
40655970
3230557
35395662
5106691
15780826
11661377
38727075
20186513
5476778
34208005
4231060
8496132
39326723
5596332
15590539
20375264
10648422
11624482
25022826
343052
20887554
10991183
34016987
12428137
12470783
45027320
8646760
21323758
10072941
24783597
6176498
26025370
7622767
20460020
1546650
52865789
4335599
16398049
15041758
8512633
26314743
37296667
13071728
11359243
2460304
11557602
2316374
41380943
5836
21185923
6270720
23804187
26462632
9612317
6936141
38369817
39668245
7317051
18074797
39174007
31942055
15635366
23929297
38752049
14482051
10559501
25837950
4037034
29564505
44724517
24917562
12869200
23913146
4920376
38252314
15347087
84244109
8748720
40343416
5151024
1568684
3038933
9197092
3441524
10627801
49432306
10450725
5939172
21878751
15081770
24731248
2032877
24795767
4394817
3001685
7177329
43990286
3346812
3553087
7485455
10009203
6121668
52824661
4550036
14972169
16180601
6841927
3210545
26071782
11862753
36082224
31543713
7898952
22241778
8298120
10790846
5944514
10669582
33740844
11328820
23393712
16882895
6207111
493346
810480
14806256
21598000
22852120
24706198
30224907
9110810
243694
8069939
18104691
19460822
6315132
43417006
42373087
11360768
4460880
27555165
29947146
44629665
21392223
38944245
29107210
14581009
24697979
4464565
22025252
654735
46926352
9878167
16319097
2638387
22130056
23908217
10944947
6285534
9591368
33986200
6190603
22420524
4270992
7098463
31715818
3752408
18473550
39443128
23851261
17049436
17447653
5085118
10365787
23400191
711256
3083927
24713020
11498670
9091863
38830961
12650610
46193388
18084826
5448119
6472746
49429882
38664102
11721676
1507222
30933307
9846940
6209599
23342686
4378885
39281166
36242796
13108582
42865134
22483580
13636631
22482820
2701077
44409062
56486733
42565477
15286783
6083952
2328272
26104554
3435889
4421787
10284593
23356816
368506
24825841
15319019
14973286
12787125
17768946
600437
13027590
34198460
13350374
24042919
1022115
23377475
25259746
13481880
4700428
4340358
1686997
80109277
13857083
22328290
8428837
39593548
9199796
25388309
24205118
19974105
11420613
19950357
11748341
40905302
43014661
14663842
26019505
13794374
33535222
15830352
8042158
23206239
36904081
2192419
86160128
22049489
30861948
34258065
28207326
23863551
28193026
17194716
164985
885056
2947124
27099731
38919140
18997216
17925632
22997657
7583161
13940200
52175065
6085365
9095394
15984735
12207167
16361581
1605196
36345185
1102268
11784947
20330519
4926049
23887844
2248870
26378103
38493521
5531479
26121646
20334484
2604063
17433284
40312663
29224825
72580164
16541762
1391126
17462437
21870716
1630949
16812091
463309
10029970
17539488
14155726
41735503
26658659
10443642
1265945
35534019
11349166
1904291
13069283
142559798
25439264
7224632
4561402
87337034
7948486
23704559
28651643
6477536
20326526
39426225
5398179
20388894
36357627
8671456
9304312
8002529
73136607
4410181
40044800
39304380
13714201
364522
32776084
21578627
7447120
13398997
43483151
9483851
37118634
6426919
22264117
1389264
15521377
17829012
31562330
6308416
19565018
8318286
22908536
15135001
9507605
10189634
26105746
21884449
23122306
5912283
1360607
25510546
20155713
7074001
24724242
10518721
12631182
2138843
11411060
22428640
25687558
17223891
11457219
18816720
16966326
7165938
6503534
26008063
26886351
35495268
16734530
23100220
7521113
946756
19851614
18038955
3829232
29785642
7285256
11943989
1871230
11335860
6955746
14535322
24101431
20420780
29459383
9505402
4067274
5270265
17055665
54482327
26532518
17546486
143868995
36960449
6550579
14767844
14797520
13651792
52925737
1070920
29526125
31019903
22029384
9274291
29399239
8842332
22317868
19308127
4346436
19358586
19307912
6171953
16057926
7640058
825728
34753204
13578199
25938221
37969403
5339554
4345315
37608303
28017005
24315156
11181416
427082
1241113
3805841
11419230
32697244
12370881
13923140
20851402
19140422
21425864
10504681
40760684
31591262
76463821
1805641
12364109
3669694
38886345
22521091
4506702
37912677
2015126
40790033
45287266
2479538
11844826
9822397
5236443
31495049
8373753
26108767
43752562
3730196
4983
4401289
20931483
42693833
15365719
6796297
11344428
20128547
308862
51865482
1583041
40963697
3874000
8596837
5704562
9977329
39424916
9038803
32787042
40631095
18375089
11254556
14402338
37328025
21564598
471921
4641348
41650417
663464
20945963
25416944
20186814
14075252
11716783
1171121
16855829
28138927
2276126
4422723
17412260
6647414
26199970
22505710
4928282
14019636
24541180
116556376
2890952
147107523
16287725
19994006
13980338
28149602
21891856
11244195
2844897
5035851
25821556
3471191
10071552
7821634
24521894
77971703
9976969
16510361
2052720
5284188
1605392
9784254
13231899
2682997
2048139
21199527
1449692
106301
13765757
8087082
313394
9748934
23032247
40901687
14386505
44660616
25344732
21377587
36713289
37762357
26132041
19683625
4828631
7764903
43587663
31272411
29125354
27306942
23305547
6182947
24742375
20372201
37964706
2841164
21363424
9379687
13338820
37562370
20473074
5511240
21859699
2140513
54561384
17695748
2485101
16712164
25786167
18153456
36124058
6076903
17897801
14474178
12489130
21250322
9796495
25612629
8305686
4389394
31514338
7225911
21547032
8538916
14437255
2264455
4411760
13621186
27460509
17671145
18852643
25263810
8425533
381602
26038789
146653163
37686718
4421742
1539159
3078080
14252892
18670
8494570
23326722
8610932
9680193
5144381
20381484
6325527
27188320
46193478
5966635
13964633
13329980
24273592
11721286
18344910
14434123
17081238
1695604
13791044
12130690
27024392
6517267
57121667
6446747
31889025
4300851
12932176
15617300
1358909
23471400
23509593
6082738
24624992
1499964
26099680
34846352
20608982
18537148
6173523
25589047
11900630
49208216
31844040
21700295
5222182
46112052
356218
33417012
39059143
15405204
15472716
9159125
4784069
6767133
70439309
20127522
35724562
43427621
23117928
23267371
40900242
20280410
15077696
10300000
24881307
15512462
14768471
6333347
410286
13843341
25649545
16427454
11016410
22543403
9122283
9412420
14923462
6404801
25135304
21170174
20418809
164189
18062308
168265642
8325952
22800314
10491220
2714623
16806763
4928057
45764440
16546131
40234452
9538708
29557235
45200347
24873253
3788528
26016929
7640792
23985464
24928817
9889151
2151983
4824840
13791206
42465769
3828508
3578380
5123516
6599693
275294
20101846
12236208
3848469
5764562
18399038
45015767
3588621
14853989
6191684
129199129
19958277
22178316
71341302
34189936
25365522
18421962
37424881
16691520
86704258
21012916
18111172
12821938
41774099
28006126
29429111
33684572
8582337
18600579
3222187
37438296
26045237
6826636
7268522
13949015
16705338
1447990
22621251
55128127
6422576
25293616
15975146
24922825
15928989
28644298
20886584
25121903
1332250
7848113
25319221
4429118
6319826
10509344
12258338
9732010
25157790
21330280
7399084
36310858
45408403
14550841
22185730
10766688
20374609
121581019
14934137
14610165
4380287
37949139
5765455
5268462
27076725
22210434
4418112
46305977
31882215
41337677
27615329
3107733
1800734
29185044
21216726
12030735
5921065
12762485
36025357
37722384
1322614
33535447
2388819
15058155
13277623
6748318
45414636
10743131
27393799
19701340
40382183
9021186
44737533
16322674
15669393
195689757
2919030
41294031
42489926
1122279
8065561
4320111
11048759
25900857
37699461
33076846
43619625
19532163
37619697
5956380
7912
24530633
28243325
9813098
4412772
1522336
8426046
2274272
31148090
34268160
6148876
28386343
949309
18429416
2831620
11903247
25895285
7370282
16790253
19047331
27123743
46353045
22534357
15685921
22401720
1226452
5293024
8734695
33796570
5884524
35760786
11666252
15473205
16242975
71628189
25732836
25007443
38675228
5885376
16626846
24640046
5002665
19878070
29023309
2543135
34498325
29231620
3583084
7093809
19327364
10162553
6106004
108886332
25355575
5785219
27712433
13831842
70115
9306247
7514614
26668245
10486817
21914176
23686039
5560962
8352137
35467590
86129154
9752604
3761017
4899981
9394119
36721932
435529
38410121
11043831
6536598
15655418
28704738
42267740
15493354
18682109
143381103
30379039
35448676
18414462
6913227
8712839
90064424
9159495
19450341
994800
8529693
2291922
2194320
109795294
6121555
18949516
6722522
7230315
20829129
2138767
12206390
15360986
52095986
16066726
58564850
21636085
5373138
27602752
17682477
28468276
12324049
26731863
11603066
24311787
72933407
46743299
36180468
4162857
2608447
18358026
5597586
4709641
1454773
23649163
3524352
18340282
38028419
803312
14724693
35861290
22116439
26118532
45820464
4939312
32194449
29509926
37641175
36816310
31564409
9696379
10698739
28821565
73323408
26751583
12100963
9142761
21257564
25148216
16390264
3849194
10024681
32827351
3419802
11475379
18447487
13469921
34074902
15615957
9161988
12074066
21602220
7735859
20048431
43602749
20610390
3878434
9899292
25969485
8672737
39391953
7757997
21053753
17402386
991139
19238
22544171
45336190
16644043
18231257
10335603
27815697
26000593
21295300
42601237
2522977
3716075
14174055
23260700
25649714
41915616
72180760
19855358
27545868
5573975
4452318
11253758
22123421
3912660
35100235
2492146
5567005
22867765
17876040
623486
9558539
15946643
41165286
39580129
2344892
33955641
16058322
37311371
21320417
27587267
18691097
23727313
6057195
25953438
7650066
3446400
22647695
3330111
6710713
12801438
39863735
7681810
8396189
13914198
3506723
6042706
36921186
8290953
12770738
23052989
3898784
42330403
21502234
4387494
40090058
17973630
24077493
15945975
7639744
6386930
15561961
38751591
22705234
13179318
18379855
29134911
9555784
8006440
3052213
1642727
26673492
30297355
7662395
188911
9550981
1469751
735130
17088791
4729644
10628767
34559336
20675284
24918110
8570690
21221346
24707550
24989194
23938319
23901235
39285547
3790895
12652963
1676568
30058568
23262027
6896063
43534665
4740447
5003144
42065070
13948920
33792330
6368017
40721190
37916361
25001628
6277638
4085204
68317730
39985001
11568270
9831859
6268106
39300105
21626639
25599283
58050905
3360421
3095620
36749390
20279166
9791313
4462139
15868816
2665675
712078
28071965
22405338
20457190
4455466
8002887
20148808
7150238
18144189
24512417
12705056
9539248
24705390
4406819
3616843
22767022
14726759
14706752
16627684
24746892
2829179
4687948
32390525
20732789
24069089
3984231
13162391
31439189
5152028
8453819
24726600
26952804
28530299
4463811
10852047
13780287
16557565
22505190
21948782
17656445
12794099
22938539
12631697
1071991
1905095
22688699
29828242
17236106
11616424
20333864
12903921
40232172
5266423
40145839
24721866
3680979
20611846
21932297
25104843
21551568
26150367
25653703
29788648
18207615
9167230
15381976
10576136
4587978
30741007
680949
46202852
4336849
23576165
2107238
19945096
17101262
1215116
2060137
14275671
36653415
36651210
12667988
70516463
33068577
10624000
85693958
4392608
29253460
17421851
3572885
1084062
5579368
1173667
13011249
4430962
31902059
41022628
37037012
40383969
341324
980008
15721252
14446279
2272614
17676273
8570317
96222213
33063763
36558211
25068298
19546104
16201748
8570478
4340509
27243019
22549449
5389523
20764484
2481032
9113824
22703082
8354687
31834381
37205759
3098821
2613813
13448422
12358173
30774694
23967973
39550665
1933281
47018050
4303075
20977638
29735200
23195302
44624045
15322518
20544428
13618987
21479575
2121272
23865182
45341480
2883827
19356271
4254064
37488367
34873974
33960383
33339202
16256507
864491
9185195
11902109
17271462
8038329
2613775
42944505
25838286
1976183
21909315
35612665
22003328
32462603
8702697
1635872
40769868
4463588
9988425
9646449
40500438
22890091
46565968
22711954
20491205
2613411
10017612
5864770
5698494
23912923
35684881
20302714
13963620
503050
31200375
4429388
7155555
7583104
86602746
2437807
19685306
11884292
16728949
36950726
3743071
10012166
23763738
5402581
6296189
14893425
8883846
14692646
409280
99829811
207972
41548287
4468861
22358449
23269537
13036442
19185192
15535511
38040186
1667063
52176296
28614776
11020556
13312471
26973393
7221410
24596228
14308244
12411274
3270834
34105878
10165258
18956141
30915421
38745690
1365188
19804204
16760369
3150030
17415081
38747567
53033275
25089501
195352
2260571
27396415
28542402
8698208
39390206
6077214
13497630
1574014
12871002
13580614
20904154
26330861
7020505
3462075
15617866
13878124
74701974
15972906
8593263
36003142
13764090
3400973
14082855
1583134
463533
39763465
27162821
7438803
13031967
6202834
14103509
10906636
24185667
3105781
7766808
38300781
24323695
44384384
11256632
27949347
13921526
1283401
28806780
3770726
14865329
2319305
2828460
154050141
21150010
4418269
14362780
40949706
15832146
8447873
16465895
42855554
28845338
6807122
22190276
9451684
41782935
3391547
13466517
25293721
11527822
12622860
2904102
30720103
4398832
19644821
39558597
6313547
6944800
12224536
33669399
6718824
20937018
35711485
6751418
13223957
35777860
29098525
5850219
23460562
19511011
23634484
7145763
25682129
14260013
7224723
17482507
27437459
7506409
4422734
34316341
25742205
5782614
38380061
8317408
46328296
40164383
27270151
13878643
6588614
10169908
5774746
2820454
39776978
10086360
46277811
12240507
21033230
10548391
496873
3531388
19922508
17648235
19099739
19561411
14205246
8247597
24523573
6717533
6876224
40584205
49556906
9904546
6962472
29334259
7324039
32263707
45447613
2039912
36033696
33934971
59453688
21369472
3944632
7860396
29495185
12779444
21272977
4396105
9997636
25452937
1852826
24307695
2576811
13899137
35271381
18188022
25878014
17077004
13380011
32598644
26244918
12922760
6712836
991137
17023584
7039855
37677954
39859981
6454371
51952430
4857085
11674596
6544701
8963413
52887689
1068106
15600979
9764256
21203899
8037453
44562904
23036207
3662510
3943235
24770913
4416964
23577867
7627167
19521501
8858602
1180972
8816869
41298619
140874
7277084
8997410
20646904
9650982
28931537
22889972
4200695
6490571
29387024
3899896
19658917
45166582
23513718
33733520
34905328
25897733
1944452
18037805
13771184
25747721
10542877
21230110
437924
94365950
3056682
5567223
5500086
19315511
20568364
41928290
4423559
4417558
6363093
17209919
7717468
11428884
23513818
17368516
11271123
46153874
12956194
4407455
198309074
2541699
365896
25970224
3710557
980196
34228604
29723642
17188921
1616661
12670680
22198971
16167746
4381486
33030946
3514540
9617381
44614949
12462961
25453683
2603304
27841037
28195565
7151961
21373821
34603465
34101101
54561709
9638032
9225850
16398827
10536636
1371440
20659283
17997584
24554740
4662264
9547722
1791637
30208015
335029
26851674
24466904
27840664
32533299
33918970
15790930
43419566
4305576
1471041
25493293
43334921
23627419
1196631
19368793
9911547
4363526
25175223
34227917
4474874
24555417
15588516
696006
21601459
2601135
3610080
79336156
25628793
7647224
72159
6280907
7820043
997143
2787558
16605494
28712203
18953920
45638119
11659421
32927475
15983148
15476777
34386619
18662787
4407318
39545358
44387884
16686383
6910577
12486491
6559201
17821387
40781557
21380232
95764370
32556431
29518440
40323454
20231138
502591
4820792
829646
26068103
14380875
20746604
12662435
118568
9787715
26907074
16550075
5114940
70895396
16826810
6948886
23351136
238409
27127885
24879055
9393969
5304891
14823313
14965508
31229233
9993008
35811036
2356950
11922370
4489217
9244474
4688277
16056410
41133176
39984099
12156187
11565780
26672703
516867
10212612
11615422
7299977
18909530
6974477
34481589
15414628
28707489
14717213
21186109
10893238
7489663
25079962
42441846
7260461
38131471
23581096
6491532
14711483
16736872
79231308
5556809
32975424
21301090
20422174
708425
43880096
3099497
8774475
25901598
22815457
10474873
10704438
152245
4312169
39506601
7488455
4432763
9614443
38355793
4319174
4791384
1771079
70633421
41024260
23700330
3360428
6957332
37269418
26625002
3468459
46765242
2533768
10883736
3825750
25251625
41226276
28206748
4306711
30580263
15426878
15248287
3419709
471735
28697248
20311968
23237995
12805683
14060030
11939159
24356383
13814480
32170702
22791348
6157837
140907540
16736883
6407356
857189
11728637
25419778
7708803
14827874
44500794
4611267
3093512
21063817
7451018
7643848
2566674
3367829
14464451
81498132
5979056
20179918
2205779
7228140
9600826
15707049
2099400
1388704
24294572
40817021
8577229
25737507
14092737
10670430
43629704
14419116
19132741
6250701
6417632
22980205
12271486
11201004
19961177
14717500
11921405
13938878
3770750
25738896
28633594
35764259
15578265
24349430
8247469
1781626
18025240
4393153
12217662
4399268
12887068
38712515
39532074
323030
3930020
12122482
26798867
21387297
5824985
12370190
22446093
3112885
4896726
12789595
14729253
3835423
27731651
23557241
38376189
2139357
4411655
2097256
27158570
9769310
53302393
21902910
82971616
1522647
464511
32322418
4389252
27709445
33872649
4544916
21380348
21557614
13801259
13867350
38037690
30398773
20456030
5572127
10279084
23868856
16863359
13906581
12030318
27550580
14225271
457630
12337611
3430789
22948960
34338075
25950264
12824568
7111021
13625993
23203102
327319
4387784
4373433
25550665
7042304
10078024
167469018
2058909
11532659
23869951
13001323
7808055
13966946
35884026
18321590
7142113
21456232
16346504
13965483
13763195
25028913
6137330
17454301
40412980
4343437
13030852
37362689
29634262
9754833
145416918
31141365
1595617
11614737
9548440
13915464
23190392
6112053
40094786
27995781
4932668
34287602
7465900
41161366
1349033
25886725
8892905
8122346
3858268
7602348
3756384
21274496
4856149
10526279
29981186
24998764
2335873
1914588
11083121
7421677
4447785
7261402
10812605
21287352
26848994
38243984
103007
11933721
22312627
456304
9226649
15648443
42298280
14337960
18038250
20620012
20368353
3118719
10692412
34733465
43156471
12440953
6493422
24612804
6259170
25519138
21622715
5551138
20996244
29955650
117907685
4324278
4547102
22059387
5691302
11288846
33720691
24863571
34760396
10128893
36345578
25748308
15155862
8891333
14615911
37628989
23670644
85665741
14188138
24088502
35062452
1256116
5223817
24414345
37249641
42150015
2853291
21993510
1472815
306006
718601
6264468
2475059
13494853
32777637
1917068
10846815
2251426
4462079
952111
6421792
44693226
8642784
8137081
29807737
22871664
14926162
42800527
25308734
32922179
6985854
16853734
39481265
11569583
11020675
46346525
20428155
22963769
15816729
263364
7645565
21571708
34935825
14195528
4391685
26495128
25515662
29073751
25062868
27240667
34630025
8063697
15327601
9730755
11983390
44264297
23440856
12149169
14566771
27768226
18346333
12737132
32969964
33135135
13458119
3475317
4492358
751192
27240699
790598
43224840
32450297
39381118
24148722
6636088
15541119
19079491
17844478
24347647
16389141
8267678
45199834
6945285
8417211
32665136
24700152
14021596
9767444
52805891
22972632
42787108
919007
15121114
34615397
33638477
28592273
57574395
2425364
7281161
15491308
85394684
39264456
27134931
6690087
3355397
1727042
3545805
26899920
46451940
22267225
9315213
154763124
14492964
11771811
11117679
12443371
24923605
13619127
33989422
12899612
8724666
11710511
35079452
24190159
8398627
31890716
13223806
4414547
41087952
13002003
7595742
4325398
12641252
602760
3140772
17017465
11071351
22194407
32906513
8460275
13791788
1234098
8670178
41710132
13907427
15997009
3215494
46127781
41913714
7426741
28230867
30226988
14361849
11289247
12943966
3222122
4418070
8246922
24157077
26008462
27279525
599582
10190462
38076716
16108876
4434951
26702468
15048300
17173492
37578311
3052642
17050065
5409325
38793927
26011884
20363389
2774906
23934390
4321947
5519177
15559582
17021845
36066871
11742219
7115651
15478227
13868795
46617075
13903052
2762601
4890578
25938251
37480103
30658796
1379127
118215171
26182390
24581365
20999249
13290521
5760247
9239963
35651106
18361917
8563659
21868715
41707539
6828370
14496749
25404036
4319844
30041340
4036038
19182166
4404433
4910408
19572798
6609935
17601006
13905670
19138874
28271439
12315072
16232581
2754534
15040589
797114
21373240
14915566
27264454
24005548
24241932
4462777
33904473
21874414
834336
6431384
10342807
20357868
34747208
7036529
1709625
11011905
23604601
80522346
3868322
9539753
19843244
8909176
154243324
4364884
36450001
25300664
42873134
15128866
84784389
17374970
18348376
520579
11441172
27711043
95102458
10608822
7198295
23244529
21219071
31933981
26652147
26873988
20402596
1084345
20649327
39187170
22191759
14083283
29214508
41310252
52893592
11532028
22975806
26445118
16737163
35231675
25988622
3619372
1759213
4427392
2722988
13889962
279052
32742683
19482914
27866735
47240151
21922424
198133135
798152
1744752
3981613
25677651
32671519
1964163
97566194
20707861
3896759
1958440
4816339
39462488
10931595
6525844
1373287
33884866
126549848
19912367
46355579
14178995
1780819
3882374
26501027
40667577
15960670
22150633
20754359
24278870
26341063
33370
11109043
24155601
28436879
4418878
2686003
5372773
29691654
17877537
5395426
22509015
19571273
8595678
756887
17324544
16630060
1286352
29090823
23959496
32587939
26456326
6903077
1982286
8318922
4405194
24249915
25974070
26067999
19149247
14300799
10795063
18333304
38211681
35993767
24234341
25373397
2727303
323335
4446814
13519661
12040627
29107180
36799998
8082528
20697217
1996292
6441369
11041152
22334300
30844602
42291761
46437558
29467201
38799797
14116046
7034001
52868579
10555591
45770026
12152977
16999023
10546779
17195001
23863576
1769799
10650521
27138601
34537906
37450671
2140497
12892137
35345807
16237005
10450300
36211049
10889845
4658268
195689316
2506153
12471115
4462919
21535641
21562657
34445160
2496002
25052749
82665667
32985041
6820680
31634628
5403286
1544804
27049238
195683603
41131087
61050894
14626540
6144337
13205096
24177706
3113630
11674288
17208742
14407673
15953181
20722510
641786
2295434
6580081
7486516
7548577
8210189
2078658
4530659
14461101
75636923
7492420
8868863
2030623
24335068
13513790
1921218
19332616
3329824
16625620
10029891
4424888
7878807
24525112
13639330
26461066
22490293
9669099
12513972
24530130
52188256
33169058
22281684
1669173
28264919
22896384
37336085
20132778
36606083
3684342
5035827
665817
30500829
40365566
12280462
32534305
14367469
9171913
23918031
13717103
14376683
38502066
34876410
41781905
15593561
17124832
37405449
947631
27900414
23577014
8903143
44586415
20758340
36432234
33533307
45581752
21297708
3831884
5114282
41159361
18914652
7211056
20221907
52827184
6123924
10430148
45548062
4409524
35714909
86694016
24159217
17934082
45276789
28069701
6784372
23331269
2679511
23180075
20287253
13023410
21009874
39389082
22914228
5108807
42836872
23294314
42708716
26993601
5775033
11630388
25191216
380526
36618603
20261352
34103335
6421734
12672066
317204
6070278
67787658
4457160
9769684
1381673
4417177
25475802
17691617
31460499
371289
18237384
24766509
7386360
16562534
1946610
15907458
4951831
36355784
3825472
34378726
39801095
19824183
9500590
21271817
92308
9211173
20052986
14555750
6251620
25606339
42080024
9169645
1191830
5409905
15803282
21790313
27373088
44562221
12058271
667451
17464771
104130
16086778
1550937
3776162
38899659
750781
18810195
10485142
45244537
17388232
24558930
37297740
15176526
22820637
10697096
8629328
25937484
15659108
26596106
18872233
5641851
13072113
8520041
21644993
31363207
2360905
17911973
4423327
5821617
519974
20524091
34016944
142562844
4454788
30369606
21495419
18546584
21366394
9956893
2130391
40996863
34818263
2147704
155200372
22042345
25014337
8677721
26133404
1554348
9872468
393001
22500262
6625693
1624106
17463549
10605189
10675756
8458567
12549585
1067605
24003461
83308790
18694784
31154082
19882228
9056874
32638085
33203108
39559521
37822406
11913139
24979644
7454794
14893428
34254203
11390393
5254463
21767325
45218443
12827098
16461149
6945691
18256197
26089649
19497526
1986482
23017040
14479433
21232018
24323369
25571386
4394525
22080671
12966719
26025820
16511863
10786948
12785130
25141908
5386514
30981192
4444861
4449524
25597580
22522432
8814634
3621011
18446525
41233511
23716150
5838067
25690516
11335781
35008773
25098790
6565037
14843502
17685207
13296399
1333643
27061085
9929089
7988832
1538080
144801076
29183629
3321943
27693891
14530534
20471181
15926408
5273056
43283375
19384430
301838
13245542
18489989
13116880
20610557
7357135
11880289
29367554
10538985
11459139
46182525
5991309
27054878
15337254
293661
13025574
15727984
26283293
12087063
40971746
6826100
12265561
5468807
25069745
43378932
51728753
4459491
13910150
14149065
52850476
37549932
14119470
40473317
35314705
33127778
11535539
18264714
854417
39652608
5415832
8190282
32357890
22236223
34439544
20864487
19541444
42782688
15678772
2424794
42913391
28164534
24142891
10958594
7813993
4447055
15879931
12102963
14471161
2601324
18987782
11581157
1259359
16963081
13831558
87758
8219248
41620295
9178310
439670
42520882
4350400
14541844
25413327
36708463
10314816
36962270
9278263
41239107
28904104
10463997
36991551
8331432
4462419
22712546
2119889
14192687
20645335
26059876
17231273
15913433
41264017
36838958
20220731
10703001
6923961
56528795
26079071
3464191
31208367
18126445
31166180
